[0 0 0 0 0 0 0 0 0 0 0 0 0 0 0 0 0 0 0 0 0 0 0 0 0 0 0 0 0 0 0 0 0 0 0 0 0
 0 0 0 0 0 0 0 0 0 0 0 0 0 0 0 0 0 0 0 0 0 0 0 0 0 0 0 0 0 0 0 0 0 0]
[0 0 0 0 0 0 0 0 0 0 0 0 0 0 0 0 0 0 0 0 0 0 0 0 0 0 0 0 0 0 0 0 0 0 0 0 0
 0 0 0 0 0 0 0 0 0 0 0 0 0 0 0 0 0 0 0 0 0 0 0 0 0 0 0 0 0 0 0 0 0 0]
[0 0 0 0 0 0 0 0 0 0 0 0 0 0 0 0 0 0 0 0 0 0 0 0 0 0 0 0 0 0 0 0 0 0 0 0 0
 0 0 0 0 0 0 0 0 0 0 0 0 0 0 0 0 0 0 0 0 0 0 0 0 0 0 0 0 0 0 0 0 0 0]
[0 0 0 0 0 0 0 0 0 0 0 0 0 0 0 0 0 0 0 0 0 0 0 0 0 0 0 0 0 0 0 0 0 0 0 0 0
 0 0 0 0 0 0 0 0 0 0 0 0 0 0 0 0 0 0 0 0 0 0 0 0 0 0 0 0 0 0 0 0 0 0]
[0 0 0 0 0 0 0 0 0 0 0 0 0 0 0 0 0 0 0 0 0 0 0 0 0 0 0 0 0 0 0 0 0 0 0 0 0
 0 0 0 0 0 0 0 0 0 0 0 0 0 0 0 0 0 0 0 0 0 0 0 0 0 0 0 0 0 0 0 0 0 0]
[0 0 0 0 0 0 0 0 0 0 0 0 0 0 0 0 0 0 0 0 0 0 0 0 0 0 0 0 0 0 0 0 0 0 0 0 0
 0 0 0 0 0 0 0 0 0 0 0 0 0 0 0 0 0 0 0 0 0 0 0 0 0 0 0 0 0 0 0 0 0 0]
[0 0 0 0 0 0 0 0 0 0 0 0 0 0 0 0 0 0 0 0 0 0 0 0 0 0 0 0 0 0 0 0 0 0 0 0 0
 0 0 0 0 0 0 0 0 0 0 0 0 0 0 0 0 0 0 0 0 0 0 0 0 0 0 0 0 0 0 0 0 0 0]
[0 0 0 0 0 0 0 0 0 0 0 0 0 0 0 0 0 0 0 0 0 0 0 0 0 0 0 0 0 0 0 0 0 0 0 0 0
 0 0 0 0 0 0 0 0 0 0 0 0 0 0 0 0 0 0 0 0 0 0 0 0 0 0 0 0 0 0 0 0 0 0]
[0 0 0 0 0 0 0 0 0 0 0 0 0 0 0 0 0 0 0 0 0 0 0 0 0 0 0 0 0 0 0 0 0 0 0 0 0
 0 0 0 0 0 0 0 0 0 0 0 0 0 0 0 0 0 0 0 0 0 0 0 0 0 0 0 0 0 0 0 0 0 0]
[0 0 0 0 0 0 0 0 0 0 0 0 0 0 0 0 0 0 0 0 0 0 0 0 0 0 0 0 0 0 0 0 0 0 0 0 0
 0 0 0 0 0 0 0 0 0 0 0 0 0 0 0 0 0 0 0 0 0 0 0 0 0 0 0 0 0 0 0 0 0 0]
[  0   0   0   0   0   0   0   0   0   0   0   0   0   0   0   8 155 255
 255 246 216 159  75   3   0   0   0   0   0   0   0   0   0   0   0   0
   0   0   0   0   0   0   0   0   0   0   0   0   0   0   0   0   0   0
   0   0   0   0   0   0   0   0   0   0   0   0   0   0   0   0   0]
[  0   0   0   0   0   0   0   0   0   0   0   0   0   0  32 205 255 255
 255 255 255 255 255 221  99   2   0   0   0   0   0   0   0   0   0   0
   0   0   0   0   0   0   0   0   0   0   0   0   0   0   0   0   0   0
   0   0   0   0   0   0   0   0   0   0   0   0   0   0   0   0   0]
[  0   0   0   0   0   0   0   0   0   0   0   0   0  73 237 255 255 255
 255 255 255 255 255 255 255 205  48   0   0   0   0   0   0   0   0   0
   0   0   0   0   0   0   0   0   0   0   0   0   0   0   0   0   0   0
   0   0   0   0   0   0   0   0   0   0   0   0   0   0   0   0   0]
[  0   0   0   0   0   0   0   0   0   0   0   2 127 253 255 255 255 255
 255 255 255 255 255 255 255 255 249 117   0   0   0   0   0   0   0   0
   0   0   0   0   0   0   0   0   0   0   0   0   0   0   0   0   0   0
   0   0   0   0   0   0   0   0   0   0   0   0   0   0   0   0   0]
[  0   0   0   0   0   0   0   0   0   0  18 182 255 255 255 255 255 255
 255 255 255 255 255 255 255 255 255 255 173  12   0   0   0   0   0   0
   0   0   0   0   0   0   0   0   0   0   0   0   0   0   0  10 159 255
 255 255 173  24   0   0   0   0   0   0   0   0   0   0   0   0   0]
[  0   0   0   0   0   0   0   0   0  50 223 255 255 255 255 255 255 255
 255 255 255 255 255 255 255 255 255 255 255 205  24   0   0   0   0   0
   0   0   0   0   0   0   0   0   0   0   0   0   0   0  42 213 255 255
 255 255 255 223  31   0   0   0   0   0   0   0   0   0   0   0   0]
[  0   0   0   0   0   0   0   0  99 247 255 255 255 255 255 255 255 255
 255 255 255 255 255 255 255 255 255 255 255 255 223  34   0   0   0   0
   0   0   0   0   0   0   0   0   0   0   0   0   0  95 245 255 255 255
 255 255 255 255 215   8   0   0   0   0   0   0   0   0   0   0   0]
[  0   0   0   0   0   0   0   0 230 255 255 255 255 255 255 255 255 255
 255 255 255 255 255 255 255 255 255 255 255 255 255 227  38   0   0   0
   0   0   0   0   0   0   0   0   0   0   0  10 159 255 255 255 255 255
 255 255 255 255 255 137   0   0   0   0   0   0   0   0   0   0   0]
[  0   0   0   0   0   0   0   0 179 255 255 255 255 255 255 255 255 255
 255 255 255 255 255 255 255 255 255 255 255 255 255 255 228  34   0   0
   0   0   0   0   0   0   0   0   0   0  42 213 255 255 255 255 255 255
 255 255 255 255 255 246  20   0   0   0   0   0   0   0   0   0   0]
[  0   0   0   0   0   0   0   0 128 255 255 255 255 255 255 255 255 255
 255 255 255 255 255 255 255 255 255 255 255 255 255 255 255 222  27   0
   0   0   0   0   0   0   0   0   0  95 245 255 255 255 255 255 255 255
 255 255 255 255 255 255 122   0   0   0   0   0   0   0   0   0   0]
[  0   0   0   0   0   0   0   0  77 255 255 255 255 255 255 255 255 255
 255 255 255 255 255 255 255 255 255 255 255 255 255 255 255 255 211  15
   0   0   0   0   0   0   0   0   0 247 255 255 255 255 255 255 255 255
 255 255 255 255 255 255 205   0   0   0   0   0   0   0   0   0   0]
[  0   0   0   0   0   0   0   0  26 255 255 255 255 255 255 255 255 255
 255 255 255 255 255 255 255 255 255 255 255 255 255 255 255 255 255 191
   6   0   0   0   0   0   0   0   0 229 255 255 255 255 255 255 255 255
 255 255 255 255 255 255 255  26   0   0   0   0   0   0   0   0   0]
[  0   0   0   0   0   0   0   0   0  75 219 255 255 255 255 255 255 255
 255 255 255 255 255 255 255 255 255 255 255 255 255 255 255 255 255 255
 160   0   0   0   0   0   0   0   0 211 255 255 255 255 255 255 255 255
 255 255 255 255 255 255 255  80   0   0   0   0   0   0   0   0   0]
[  0   0   0   0   0   0   0   0   0   0   6 120 244 255 255 255 255 255
 255 255 255 255 255 255 255 255 255 255 255 255 255 255 255 255 255 255
 255 119   0   0   0   0   0   0   0 192 255 255 255 255 255 255 255 255
 255 255 255 255 255 255 255 129   0   0   0   0   0   0   0   0   0]
[  0   0   0   0   0   0   0   0   0   0   0   0  33 186 255 255 255 255
 255 255 255 255 255 255 255 255 255 255 255 255 255 255 255 255 255 255
 255 253  74   0   0   0   0   0   0 174 255 255 255 255 255 255 255 255
 255 255 255 255 255 255 255 169   0   0   0   0   0   0   0   0   0]
[  0   0   0   0   0   0   0   0   0   0   0   0   0   0  96 241 255 255
 255 255 255 255 255 255 255 255 255 255 255 255 255 255 255 255 255 255
 255 255 239  35   0   0   0   0   0 156 255 255 255 255 255 255 255 255
 255 255 255 255 255 255 255 195   0   0   0   0   0   0   0   0   0]
[  0   0   0   0   0   0   0   0   0   0   0   0   0   0   0  32 197 255
 255 255 255 255 255 255 255 255 255 255 255 255 255 255 255 255 255 255
 255 255 255 210  10   0   0   0   0 138 255 255 255 255 255 255 255 255
 255 255 255 255 255 255 255 221   0   0   0   0   0   0   0   0   0]
[  0   0   0   0   0   0   0   0   0   0   0   0   0   0   0   0   3 130
 254 255 255 255 255 255 255 255 255 255 255 255 255 255 255 255 255 255
 255 255 255 255 158   0   0   0   0 119 255 255 255 255 255 255 255 255
 255 255 255 255 255 255 255 236   0   0   0   0   0   0   0   0   0]
[  0   0   0   0   0   0   0   0   0   0   0   0   0   0   0   0   0   0
  77 240 255 255 255 255 255 255 255 255 255 255 255 255 255 255 255 255
 255 255 255 255 255  95   0   0   0 101 255 255 255 255 255 255 255 255
 255 255 255 255 255 255 255 244   0   0   0   0   0   0   0   0   0]
[  0   0   0   0   0   0   0   0   0   0   0   0   0   0   0   0   0   0
   0  38 219 255 255 255 255 255 255 255 255 255 255 255 255 255 255 255
 255 255 255 255 255 245  40   0   0  83 255 255 255 255 255 255 255 255
 255 255 255 255 255 255 255 252   0   0   0   0   0   0   0   0   0]
[  0   0   0   0   0   0   0   0   0   0   0   0   0   0   0   0   0   0
   0   0  21 201 255 255 255 255 255 255 255 255 255 255 255 255 255 255
 255 255 255 255 255 255 207   7   0  64 255 255 255 255 255 255 255 255
 255 255 255 255 255 255 255 232   0   0   0   0   0   0   0   0   0]
[  0   0   0   0   0   0   0   0   0   0   0   0   0   0   0   0   0   0
   0   0   0  10 184 255 255 255 255 255 255 255 255 255 255 255 255 255
 255 255 255 255 255 255 255 143   0  46 255 255 255 255 255 255 255 255
 255 255 255 255 255 255 255 185   0   0   0   0   0   0   0   0   0]
[  0   0   0   0   0   0   0   0   0   0   0   0   0   0   0   0   0   0
   0   0   0   0   8 184 255 255 255 255 255 255 255 255 255 255 255 255
 255 255 255 255 255 255 255 254  69  28 255 255 255 255 255 255 255 255
 255 255 255 255 255 255 255 115   0   0   0   0   0   0   0   0   0]
[  0   0   0   0   0   0   0   0   0   0   0   0   0   0   0   0   0   0
   0   0   0   0   0   8 188 255 255 255 255 255 255 255 255 255 255 255
 255 255 255 255 255 255 255 255 228  26 255 255 255 255 255 255 255 255
 255 255 255 255 255 255 251  30   0   0   0   0   0   0   0   0   0]
[  0   0   0   0   0   0   0   0   0   0   0   0   0   0   0   0   0   0
   0   0   0   0   0   0  14 209 255 255 255 255 255 255 255 255 255 255
 255 255 255 255 255 255 255 255 255 167 255 255 255 255 255 255 255 255
 255 255 255 255 255 255 153   0   0   0   0   0   0   0   0   0   0]
[  0   0   0   0   0   0   0   0   0   0   0   0   0   0   0   0   0   0
   0   0   0   0   0   0   0  27 228 255 255 255 255 255 255 255 255 255
 255 255 255 255 255 255 255 255 255 255 255 255 255 255 255 255 255 255
 255 255 255 255 255 216  14   0   0   0   0   0   0   0   0   0   0]
[  0   0   0   0   0   0   0   0   0   0   0   0   0   0   0   0   0   0
   0   0   0   0   0   0   0   0  59 251 255 255 255 255 255 255 255 255
 255 255 255 255 255 255 255 255 255 255 255 255 255 255 255 255 255 255
 255 255 255 255 196  25   0   0   0   0   0   0   0   0   0   0   0]
[  0   0   0   0   0   0   0   0   0   0   0   0   0   0   0   0   0   0
   0   0   0   0   0   0   0   0   0 114 255 255 255 255 255 255 255 255
 255 255 255 255 255 255 255 255 255 255 255 255 255 255 255 255 255 255
 246 224 169  80   1   0   0   0   0   0   0   0   0   0   0   0   0]
[  0   0   0   0   0   0   0   0   0   0   0   0   0   0   0   0   0   0
   0   0   0   0   0   0   0   0   0   1 191 255 255 255 255 255 255 255
 255 255 255 255 255 255 255 255 255 255 255   0 244 255 255 255 255 243
   0   0   0   0   0   0   0   0   0   0   0   0   0   0   0   0   0]
[  0   0   0   0   0   0   0   0   0   0   0   0   0   0   0   0   0   0
   0   0   0   0   0   0   0   0   0   0  34 245 255 255 255 255 255 255
 255 255 255 255 255 255 255 255 255 255 255   0 201 255 255 255 255 200
   0   0   0   0   0   0   0   0   0   0   0   0   0   0   0   0   0]
[  0   0   0   0   0   0   0   0   0   0   0   0   0   0   0   0   0  34
 178 255 247 221 166  82   3   0   0   0   0 124 255 255 255 255 255 255
 255 255 255 255 255 255 255 255 255 255 255   0  64 227 255 255 227  64
   0   0   0   0   0   0   0   0   0   0   0   0   0   0   0   0   0]
[  0   0   0   0   0   0   0   0   0   0   0   0   0   0   0   8 127 247
 255 255 255 255 255 255 218  70   0   0   0   9 227 255 255 255 255 255
 255 255 255 255 255 255 255 255 255 255 255   0   0   0   0   0   0   0
   0   0   0   0   0   0   0   0   0   0   0   0   0   0   0   0   0]
[  0   0   0   0   0   0   0   0   0   0   0   0   0   0  76 221 255 255
 255 255 255 255 255 255 255 255 137   2   0   0 101 255 255 255 255 255
 255 255 255 255 255 255 255 255 255 255 255  23   0   0   0   0   0   0
   0   0   0   0   0   0   0   0   0   0   0   0   0   0   0   0   0]
[  0   0   0   0   0   0   0   0   0   0   0   0   0 250 255 255 255 255
 255 255 255 255 255 255 255 255 255 161   2   0   7 231 255 255 255 255
 255 255 255 255 255 255 255 255 255 255 255  69   0   0   0   0   0   0
   0   0   0   0   0   0   0   0   0   0   0   0   0   0   0   0   0]
[  0   0   0   0   0   0   0   0   0   0   0   0   0 238 255 255 255 255
 255 255 255 255 255 255 255 255 255 255 145   0   0 122 255 255 255 255
 255 255 255 255 255 255 255 255 255 255 255 116   0   0   0   0   0   0
   0   0   0   0   0   0   0   0   0   0   0   0   0   0   0   0   0]
[  0   0   0   0   0   0   0   0   0   0   0   0   0 225 255 255 255 255
 255 255 255 255 255 255 255 255 255 255 255   0   0  27 253 255 255 255
 255 255 255 255 255 255 255 255 255 255 255 162   0   0   0   0   0   0
   0   0   0   0   0   0   0   0   0   0   0   0   0   0   0   0   0]
[  0   0   0   0   0   0   0   0   0   0   0   0   0 212 255 255 255 255
 255 255 255 255 255 255 255 255 255 255 255   0   0   0 185 255 255 255
 255 255 255 255 255 255 255 255 255 255 255 209   0   0   0   0   0   0
   0   0   0   0   0   0   0   0   0   0   0   0   0   0   0   0   0]
[  0   0   0   0   0   0   0   0   0   0   0   0   0 197 255 255 255 255
 255 255 255 255 255 255 255 255 255 255 255   0   0   0 104 255 255 255
 255 255 255 255 255 255 255 255 255 255 255 249   5   0   0   0   0   0
   0   0   0   0   0   0   0   0   0   0   0   0   0   0   0   0   0]
[  0   0   0   0   0   0   0   0   0   0   0   0   0 182 255 255 255 255
 255 255 255 255 255 255 255 255 255 255 255   0   0   0  32 255 255 255
 255 255 255 255 255 255 255 255 255 255 255 255  46   0   0   0   0   0
   0   0   0   0   0   0   0   0   0   0   0   0   0   0   0   0   0]
[  0   0   0   0   0   0   0   0   0   0   0   0   0 164 255 255 255 255
 255 255 255 255 255 255 255 255 255 255 255   0   0   0   0 220 255 255
 255 255 255 255 255 255 255 255 255 255 255 255  92   0   0   0   0   0
   0   0   0   0   0   0   0   0   0   0   0   0   0   0   0   0   0]
[  0   0   0   0   0   0   0   0   0   0   0   0   0 145 255 255 255 255
 255 255 255 255 255 255 255 255 255 255 255   0   0   0   0 169 255 255
 255 255 255 255 255 255 255 255 255 255 255 255 139   0   0   0   0   0
   0   0   0   0   0   0   0   0   0   0   0   0   0   0   0   0   0]
[  0   0   0   0   0   0   0   0   0   0   0   0   0 125 255 255 255 255
 255 255 255 255 255 255 255 255 255 255 255   0   0   0   0 118 255 255
 255 255 255 255 255 255 255 255 255 255 255 255 185   0   0   0   0   0
   0   0   0   0   0   0   0   0   0   0   0   0   0   0   0   0   0]
[  0   0   0   0   0   0   0   0   0   0   0   0   0 103 255 255 255 255
 255 255 255 255 255 255 255 255 255 255 255   0   0   0   0  81 255 255
 255 255 255 255 255 255 255 255 255 255 255 255 232   0   0   0   0   0
   0   0   0   0   0   0   0   0   0   0   0   0   0   0   0   0   0]
[  0   0   0   0   0   0   0   0   0   0   0   0   0  79 255 255 255 255
 255 255 255 255 255 255 255 255 255 255 255   0   0   0   0  52 255 255
 255 255 255 255 255 255 255 255 255 255 255 255 255   0   0   0   0   0
   0   0   0   0   0   0   0   0   0   0   0   0   0   0   0   0   0]
[  0   0   0   0   0   0   0   0   0   0   0   0   0  53 255 255 255 255
 255 255 255 255 255 255 255 255 255 255 255   0   0   0   0  25 255 255
 255 255 255 255 255 255 255 255 255 255 255 255 255   0   0   0   0   0
   0   0   0   0   0   0   0   0   0   0   0   0   0   0   0   0   0]
[  0   0   0   0   0   0   0   0   0   0   0   0   0  25 255 255 255 255
 255 255 255 255 255 255 255 255 255 255 255   0   0   0   0  15 255 255
 255 255 255 255 255 255 255 255 255 255 255 255 245   0   0   0   0   0
   0   0   0   0   0   0   0   0   0   0   0   0   0   0   0   0   0]
[  0   0   0   0   0   0   0   0   0   0   0   0   0   1 247 255 255 255
 255 255 255 255 255 255 255 255 255 255 255   0   0   0   0   5 255 255
 255 255 255 255 255 255 255 255 255 255 255 255 225   0   0   0   0   0
   0   0   0   0   0   0   0   0   0   0   0   0   0   0   0   0   0]
[  0   0   0   0   0   0   0   0   0   0   0   0   0   0 215 255 255 255
 255 255 255 255 255 255 255 255 255 255 255   0   0   0   0   2 255 255
 255 255 255 255 255 255 255 255 255 255 255 255 204   0   0   0   0   0
   0   0   0   0   0   0   0   0   0   0   0   0   0   0   0   0   0]
[  0   0   0   0   0   0   0   0   0   0   0   0   0   0 178 255 255 255
 255 255 255 255 255 255 255 255 255 255 255   0   0   0   0   7 255 255
 255 255 255 255 255 255 255 255 255 255 255 255 184   0   0   0   0   0
   0   0   0   0   0   0   0   0   0   0   0   0   0   0   0   0   0]
[  0   0   0   0   0   0   0   0   0   0   0   0   0   0 136 255 255 255
 255 255 255 255 255 255 255 255 255 255 255   0   0   0   0  12 255 255
 255 255 255 255 255 255 255 255 255 255 255 255 163   0   0   0   0   0
   0   0   0   0   0   0   0   0   0   0   0   0   0   0   0   0   0]
[  0   0   0   0   0   0   0   0   0   0   0   0   0   0  88 255 255 255
 255 255 255 255 255 255 255 255 255 255 255   0   0   0   0  16 255 255
 255 255 255 255 255 255 255 255 255 255 255 255 143   0   0   0   0   0
   0   0   0   0   0   0   0   0   0   0   0   0   0   0   0   0   0]
[  0   0   0   0   0   0   0   0   0   0   0   0   0   0  35 255 255 255
 255 255 255 255 255 255 255 255 255 255 234   0   0   0   0  21 255 255
 255 255 255 255 255 255 255 255 255 255 255 255 122   0   0   0   0   0
   0   0   0   0   0   0   0   0   0   0   0   0   0   0   0   0   0]
[  0   0   0   0   0   0   0   0   0   0   0   0   0   0   0 228 255 255
 255 255 255 255 255 255 255 255 255 254 109   0   0   0   0  25 255 255
 255 255 255 255 255 255 255 255 255 255 255 255 102   0   0   0   0   0
   0   0   0   0   0   0   0   0   0   0   0   0   0   0   0   0   0]
[  0   0   0   0   0   0   0   0   0   0   0   0   0   0   0 156 255 255
 255 255 255 255 255 252 239 210 154  56   0   0   0   0   0  30 255 255
 255 255 255 255 255 255 255 255 255 255 255 255  81   0   0   0   0   0
   0   0   0   0   0   0   0   0   0   0   0   0   0   0   0   0   0]
[  0   0   0   0   0   0   0   0   0   0   0   0   0   0   0  65 255 255
 255 255 255 255 243   0   0   0   0   0   0   0   0   0   0  35 255 255
 255 255 255 255 255 255 255 255 255 255 255 255  61   0   0   0   0   0
   0   0   0   0   0   0   0   0   0   0   0   0   0   0   0   0   0]
[  0   0   0   0   0   0   0   0   0   0   0   0   0   0   0   0 202 255
 255 255 255 255 200   0   0   0   0   0   0   0   0   0   0  39 255 255
 255 255 255 255 255 255 255 255 255 255 255 255  40   0   0   0   0   0
   0   0   0   0   0   0   0   0   0   0   0   0   0   0   0   0   0]
[  0   0   0   0   0   0   0   0   0   0   0   0   0   0   0   0  39 217
 255 255 255 227  64   0   0   0   0   0   0   0   0   0   0  44 255 255
 255 255 255 255 255 255 255 255 255 255 255 255  20   0   0   0   0   0
   0   0   0   0   0   0   0   0   0   0   0   0   0   0   0   0   0]
[  0   0   0   0   0   0   0   0   0   0   0   0   0   0   0   0   0   0
   0   0   0   0   0   0   0   0   0   0   0   0   0   0   0  48 255 255
 255 255 255 255 255 255 255 255 255 255 255 253   2   0   0   0   0   0
   0   0   0   0   0   0   0   0   0   0   0   0   0   0   0   0   0]
[  0   0   0   0   0   0   0   0   0   0   0   0   0   0   0   0   0   0
   0   0   0   0   0   0   0   0   0   0   0   0   0   0   0  53 255 255
 255 255 255 255 255 255 255 255 255 255 255 235   0   0   0   0   0   0
   0   0   0   0   0   0   0   0   0   0   0   0   0   0   0   0   0]
[  0   0   0   0   0   0   0   0   0   0   0   0   0   0   0   0   0   0
   0   0   0   0   0   0   0   0   0   0   0   0   0   0   0  57 255 255
 255 255 255 255 255 255 255 255 255 255 255 214   0   0   0   0   0   0
   0   0   0   0   0   0   0   0   0   0   0   0   0   0   0   0   0]
[  0   0   0   0   0   0   0   0   0   0   0   0   0   0   0   0   0   0
   0   0   0   0   0   0   0   0   0   0   0   0   0   0   0  62 255 255
 255 255 255 255 255 255 255 255 255 255 255 194   0   0   0   0   0   0
   0   0   0   0   0   0   0   0   0   0   0   0   0   0   0   0   0]
[  0   0   0   0   0   0   0   0   0   0   0   0   0   0   0   0   0   0
   0   0   0   0   0   0   0   0   0   0   0   0   0   0   0  67 255 255
 255 255 255 255 255 255 255 255 255 255 255 173   0   0   0   0   0   0
   0   0   0   0   0   0   0   0   0   0   0   0   0   0   0   0   0]
[  0   0   0   0   0   0   0   0   0   0   0   0   0   0   0   0   0   0
   0   0   0   0   0   0   0   0   0   0   0   0   0   0   0  71 255 255
 255 255 255 255 255 255 255 255 255 255 255 153   0   0   0   0   0   0
   0   0   0   0   0   0   0   0   0   0   0   0   0   0   0   0   0]
[  0   0   0   0   0   0   0   0   0   0   0   0   0   0   0   0   0   0
   0   0   0   0   0   0   0   0   0   0   0   0   0   0   0  76 255 255
 255 255 255 255 255 255 255 255 255 255 255 132   0   0   0   0   0   0
   0   0   0   0   0   0   0   0   0   0   0   0   0   0   0   0   0]
[  0   0   0   0   0   0   0   0   0   0   0   0   0   0   0   0   0   0
   0   0   0   0   0   0   0   0   0   0   0   0   0   0   0  80 255 255
 255 255 255 255 255 255 255 255 255 255 255 112   0   0   0   0   0   0
   0   0   0   0   0   0   0   0   0   0   0   0   0   0   0   0   0]
[  0   0   0   0   0   0   0   0   0   0   0   0   0   0   0   0   0   0
   0   0   0   0   0   0   0   0   0   0   0   0   0   0   0  85 255 255
 255 255 255 255 255 255 255 255 255 255 255  91   0   0   0   0   0   0
   0   0   0   0   0   0   0   0   0   0   0   0   0   0   0   0   0]
[  0   0   0   0   0   0   0   0   0   0   0   0   0   0   0   0   0   0
   0   0   0   0   0   0   0   0   0   0   0   0   0   0   0  89 255 255
 255 255 255 255 255 255 255 255 255 255 255  71   0   0   0   0   0   0
   0   0   0   0   0   0   0   0   0   0   0   0   0   0   0   0   0]
[  0   0   0   0   0   0   0   0   0   0   0   0   0   0   0   0   0   0
   0   0   0   0   0   0   0   0   0   0   0   0   0   0   0  94 255 255
 255 255 255 255 255 255 255 255 255 255 255  50   0   0   0   0   0   0
   0   0   0   0   0   0   0   0   0   0   0   0   0   0   0   0   0]
[  0   0   0   0   0   0   0   0   0   0   0   0   0   0   0   0   0   0
   0   0   0   0   0   0   0   0   0   0   0   0   0   0   0  99 255 255
 255 255 255 255 255 255 255 255 255 255 255  30   0   0   0   0   0   0
   0   0   0   0   0   0   0   0   0   0   0   0   0   0   0   0   0]
[  0   0   0   0   0   0   0   0   0   0   0   0   0   0   0   0   0   0
   0   0   0   0   0   0   0   0   0   0   0   0   0   0   0 103 255 255
 255 255 255 255 255 255 255 255 255 255 255  10   0   0   0   0   0   0
   0   0   0   0   0   0   0   0   0   0   0   0   0   0   0   0   0]
[  0   0   0   0   0   0   0   0   0   0   0   0   0   0   0   0   0   0
   0   0   0   0   0   0   0   0   0   0   0   0   0   0   0 108 255 255
 255 255 255 255 255 255 255 255 255 255 255  25   0   0   0   0   0   0
   0   0   0   0   0   0   0   0   0   0   0   0   0   0   0   0   0]
[  0   0   0   0   0   0   0   0   0   0   0   0   0   0   0   0   0   0
   0   0   0   0   0   0   0   0   0   0   0   0   0   0   0 112 255 255
 255 255 255 255 255 255 255 255 255 255 255  76   0   0   0   0   0   0
   0   0   0   0   0   0   0   0   0   0   0   0   0   0   0   0   0]
[  0   0   0   0   0   0   0   0   0   0   0   0   0   0   0   0   0   0
   0   0   0   0   0   0   0   0   0   0   0   0   0   0   0 117 255 255
 255 255 255 255 255 255 255 255 255 255 255 127   0   0   0   0   0   0
   0   0   0   0   0   0   0   0   0   0   0   0   0   0   0   0   0]
[  0   0   0   0   0   0   0   0   0   0   0   0   0   0   0   0   0   0
   0   0   0   0   0   0   0   0   0   0   0   0   0   0   0 121 255 255
 255 255 255 255 255 255 255 255 255 255 255 178   0   0   0   0   0   0
   0   0   0   0   0   0   0   0   0   0   0   0   0   0   0   0   0]
[  0   0   0   0   0   0   0   0   0   0   0   0   0   0   0   0   0   0
   0   0   0   0   0   0   0   0   0   0   0   0   0   0   0 126 255 255
 255 255 255 255 255 255 255 255 255 255 255 230   0   0   0   0   0   0
   0   0   0   0   0   0   0   0   0   0   0   0   0   0   0   0   0]
[  0   0   0   0   0   0   0   0   0   0   0   0   0   0   0   0   0   0
   0   0   0   0   0   0   0   0   0   0   0   0   0   0   0 131 255 255
 255 255 255 255 255 255 255 255 255 255 255 250   0   0   0   0   0   0
   0   0   0   0   0   0   0   0   0   0   0   0   0   0   0   0   0]
[  0   0   0   0   0   0   0   0   0   0   0   0   0   0   0   0   0   0
   0   0   0   0   0   0   0   0   0   0   0   0   0   0   0 135 255 255
 255 255 255 255 255 255 255 255 255 255 255 240   0   0   0   0   0   0
   0   0   0   0   0   0   0   0   0   0   0   0   0   0   0   0   0]
[  0   0   0   0   0   0   0   0   0   0   0   0   0   0   0   0   0   0
   0   0   0   0   0   0   0   0   0   0   0   0   0   0   0 140 255 255
 255 255 255 255 255 255 255 255 255 255 255 230   0   0   0   0   0   0
   0   0   0   0   0   0   0   0   0   0   0   0   0   0   0   0   0]
[  0   0   0   0   0   0   0   0   0   0   0   0   0   0   0   0   0   0
   0   0   0   0   0   0   0   0   0   0   0   0   0   0   0 144 255 255
 255 255 255 255 255 255 255 255 255 255 255 220   0   0   0   0   0   0
   0   0   0   0   0   0   0   0   0   0   0   0   0   0   0   0   0]
[  0   0   0   0   0   0   0   0   0   0   0   0   0   0   0   0   0   0
   0   0   0   0   0   0   0   0   0   0   0   0   0   0   0 149 255 255
 255 255 255 255 255 255 255 255 255 255 255 209   0   0   0   0   0   0
   0   0   0   0   0   0   0   0   0   0   0   0   0   0   0   0   0]
[  0   0   0   0   0   0   0   0   0   0   0   0   0   0   0   0   0   0
   0   0   0   0   0   0   0   0   0   0   0   0   0   0   0 153 255 255
 255 255 255 255 255 255 255 255 255 255 255 199   0   0   0   0   0   0
   0   0   0   0   0   0   0   0   0   0   0   0   0   0   0   0   0]
[  0   0   0   0   0   0   0   0   0   0   0   0   0   0   0   0   0   0
   0   0   0   0   0   0   0   0   0   0   0   0   0   0   0 158 255 255
 255 255 255 255 255 255 255 255 255 255 255 189   0   0   0   0   0   0
   0   0  53 188 255 255 255 255 255 176   0   0   0   0   0   0   0]
[  0   0   0   0   0   0   0   0   0   0   0   0   0   0   0   0   0   0
   0   0   0   0   0   0   0   0   0   0   0   0   0   0   0 163 255 255
 255 255 255 255 255 255 255 255 255 255 255 179   0   0   0   0   0   0
   1 125 253 255 255 255 255 255 255 255  68   0   0   0   0   0   0]
[  0   0   0   0   0   0   0   0   0   0   0   0   0   0   0   0   0   0
   0   0   0   0   0   0   0   0   0   0   0   0   0   0   0 167 255 255
 255 255 255 255 255 255 255 255 255 255 255 168   0   0   0   0   0   0
 149 255 255 255 255 255 255 255 255 255 153   0   0   0   0   0   0]
[  0   0   0   0   0   0   0   0   0   0   0   0   0   0   0   0   0   0
   0   0   0   0   0   0   0   0   0   0   0   0   0   0   0 172 255 255
 255 255 255 255 255 255 255 255 255 255 255 158   0   0   0   0   0 110
 255 255 255 255 255 255 255 255 255 255 218   0   0   0   0   0   0]
[  0   0   0   0   0   0   0   0   0   0   0   0   0   0   0   0   0   0
   0   0   0   0   0   0   0   0   0   0   0   0   0   0   0 176 255 255
 255 255 255 255 255 255 255 255 255 255 255 148   0   0   0   0  31 244
 255 255 255 255 255 255 255 255 255 255 255  17   0   0   0   0   0]
[  0   0   0   0   0   0   0   0   0   0   0   0   0   0   0   0   0   0
   0   0   0   0   0   0   0   0   0   0   0   0   0   0   0 181 255 255
 255 255 255 255 255 255 255 255 255 255 255 138   0   0   0   0 149 255
 255 255 255 255 255 255 255 255 255 255 255  60   0   0   0   0   0]
[  0   0   0   0   0   0   0   0   0   0   0   0   0   0   0   0   0   0
   0   0   0   0   0   0   0   0   0   0   0   0   0   0   0 185 255 255
 255 255 255 255 255 255 255 255 255 255 255 127   0   0   0  11 244 255
 255 255 255 255 255 255 255 255 255 255 255 101   0   0   0   0   0]
[  0   0   0   0   0   0   0   0   0   0   0   0   0   0   0   0   0   0
   0   0   0   0   0   0   0   0   0   0   0   0   0   0   0 190 255 255
 255 255 255 255 255 255 255 255 255 255 255 117   0   0   0  77 255 255
 255 255 255 255 255 255 255 255 255 255 255 134   0   0   0   0   0]
[  0   0   0   0   0   0   0   0   0   0   0   0   0   0   0   0   0   0
   0   0   0   0   0   0   0   0   0   0   0   0   0   0   0 195 255 255
 255 255 255 255 255 255 255 255 255 255 255 107   0   0   0 143 255 255
 255 255 255 255 255 255 255 255 255 255 255 166   0   0   0   0   0]
[  0   0   0   0   0   0   0   0   0   0   0   0   0   0   0   0   0   0
   0   0   0   0   0   0   0   0   0   0   0   0   0   0   0 199 255 255
 255 255 255 255 255 255 255 255 255 255 255  97   0   0   0 185 255 255
 255 255 255 255 255 255 255 255 255 255 255 195   0   0   0   0   0]
[  0   0   0   0   0   0   0   0   0   0   0   0   0   0   0   0   0   0
   0   0   0   0   0   0   0   0   0   0   0   0   0   0   0 204 255 255
 255 255 255 255 255 255 255 255 255 255 255  86   0   0   0 221 255 255
 255 255 255 255 255 255 255 255 255 255 255 219   0   0   0   0   0]
[  0   0   0   0   0   0   0   0   0   0   0   0   0   0   0   0   0   0
   0   0   0   0   0   0   0   0   0   0   0   0   0   0   0 208 255 255
 255 255 255 255 255 255 255 255 255 255 255  76   0   0   0 239 255 255
 255 255 255 255 255 255 255 255 255 255 255 243   0   0   0   0   0]
[  0   0   0   0   0   0   0   0   0   0   0   0   0   0   0   0   0   0
   0   0   0   0   0   0   0   0   0   0   0   0   0   0   0 213 255 255
 255 255 255 255 255 255 255 255 255 255 255  66   0   0   0 250 255 255
 255 255 255 255 255 255 255 255 255 255 255 255 128   0   0   0   0]
[  0   0   0   0   0   0   0   0   0   0   0   0   0   0   0   0   0   0
   0   0   0   0   0   0   0   0   0   0   0   0   0   0   0 217 255 255
 255 255 255 255 255 255 255 255 255 255 255  56   0   0   0 244 255 255
 255 255 255 255 255 255 255 255 255 255 255 255 127   0   0   0   0]
[  0   0   0   0   0   0   0   0   0   0   0   0   0   0   0   0   0   0
   0   0   0   0   0   0   0   0   0   0   0   0   0   0   0 222 255 255
 255 255 255 255 255 255 255 255 255 255 255  45   0   0   0 221 255 255
 255 255 255 255 255 255 255 255 255 255 255 255 128   0   0   0   0]
[  0   0   0   0   0   0   0   0   0   0   0   0   0   0   0   0   0   0
   0   0   0   0   0   0   0   0   0   0   0   0   0   0   0 227 255 255
 255 255 255 255 255 255 255 255 255 255 255  35   0   0   0 197 255 255
 255 255 255 255 255 255 255 255 255 255 255 255 255   0   0   0   0]
[  0   0   0   0   0   0   0   0   0   0   0   0   0   0   0   0   0   0
   0   0   0   0   0   0   0   0   0   0   0   0   0   0   0 231 255 255
 255 255 255 255 255 255 255 255 255 255 255  25   0   0   0 169 255 255
 255 255 255 255 255 255 255 255 255 255 255 255 255   0   0   0   0]
[  0   0   0   0   0   0   0   0   0   0   0   0   0   0   0   0   0   0
   0   0   0   0   0   0   0   0   0   0   0   0   0   0   0 236 255 255
 255 255 255 255 255 255 255 255 255 255 255  15   0   0   0 136 255 255
 255 255 255 255 255 255 255 255 255 255 255 255 205   0   0   0   0]
[  0   0   0   0   0   0   0   0   0   0   0   0   0   0   0   0   0   0
   0   0   0   0   0   0   0   0   0   0   0   0   0   0   0 240 255 255
 255 255 255 255 255 255 255 255 255 255 255   5   0   0   0 101 255 255
 255 255 255 255 255 255 255 255 255 255 255 255 100   0   0   0   0]
[  0   0   0   0   0   0   0   0   0   0   0   0   0   0   0   0   0   0
   0   0   0   0   0   0   0   0   0   0   0   0   0   0   0 245 255 255
 255 255 255 255 255 255 255 255 255 255 255   5   0   0   0  58 255 255
 255 255 255 255 255 255 255 255 255 255 255 216   4   0   0   0   0]
[  0   0   0   0   0   0   0   0   0   0   0   0   0   0   0   0   0   0
   0   0   0   0   0   0   0   0   0   0   0   0   0   0   0 249 255 255
 255 255 255 255 255 255 255 255 255 255 255  15   0   0   0  13 254 255
 255 255 255 255 255 255 255 255 255 255 247  52   0   0   0   0   0]
[  0   0   0   0   0   0   0   0   0   0   0   0   0   0   0   0   0   0
   0   0   0   0   0 127 255 255 255 255 202  16   0   0   0 254 255 255
 255 255 255 255 255 255 255 255 255 255 255  35   0   0   0   0 210 255
 255 255 255 255 255 255 255 255 255 237  69   0   0   0   0   0   0]
[  0   0   0   0   0   0   0   0   0   0   0   0   0   0   0   0   0   0
   0   0   0   0 127 255 255 255 255 255 255 150   0   0   0 253 255 255
 255 255 255 255 255 255 255 255 255 255 255  66   0   0   0   0 143 255
 255 255 255 255 255 255 246 212 135  23   0   0   0   0   0   0   0]
[  0   0   0   0   0   0   0   0   0   0   0   0   0   0   0   0   0   0
   0   0   0 127 255 255 255 255 255 255 255 249  22   0   0 248 255 255
 255 255 255 255 255 255 255 255 255 255 255 105   0   0   0   0  57 255
 255 255 255 255 255 243   0   0   0   0   0   0   0   0   0   0   0]
[  0   0   0   0   0   0   0   0   0   0   0   0   0   0   0   0   0   0
   0   0 127 255 255 255 255 255 255 255 255 255 113   0   0 242 255 255
 255 255 255 255 255 255 255 255 255 255 255 156   0   0   0   0   0 198
 255 255 255 255 255 200   0   0   0   0   0   0   0   0   0   0   0]
[  0   0   0   0   0   0   0   0   0   0   0   0   0   0   0   0   0   0
   0 127 255 255 255 255 255 255 255 255 255 255 197   0   0 234 255 255
 255 255 255 255 255 255 255 255 255 255 255 213   0   0   0   0   0  37
 213 255 255 255 227  64   0   0   0   0   0   0   0   0   0   0   0]
[  0   0   0   0   0   0   0   0   0   0   0   0   0   0   0   0   0   0
 127 255 255 255 255 255 255 255 255 255 255 255 253  19   0 218 255 255
 255 255 255 255 255 255 255 255 255 255 255 255  27   0   0   0   0   0
   0   0   0   0   0   0   0   0   0   0   0   0   0   0   0   0   0]
[  0   0   0   0   0   0   0   0   0   0   0   0   0   0   0   0   0 127
 255 255 255 255 255 255 255 255 255 255 255 255 255  85   0 200 255 255
 255 255 255 255 255 255 255 255 255 255 255 255 102   0   0   0   0   0
   0   0   0   0   0   0   0   0   0   0   0   0   0   0   0   0   0]
[  0   0   0   0   0   0   0   0   0   0   0   0   0   0   0   0   0 255
 255 255 255 255 255 255 255 255 255 255 255 255 255 148   0 181 255 255
 255 255 255 255 255 255 255 255 255 255 255 255 190   0   0   0   0   0
   0   0   0   0   0   0   0   0   0   0   0   0   0   0   0   0   0]
[  0   0   0   0   0   0   0   0   0   0   0   0   0   0   0   0   0 255
 255 255 255 255 255 255 255 255 255 255 255 255 255 208   0 155 255 255
 255 255 255 255 255 255 255 255 255 255 255 255 253  28   0   0   0   0
   0   0   0   0   0   0   0   0   0   0   0   0   0   0   0   0   0]
[  0   0   0   0   0   0   0   0   0   0   0   0   0   0   0   0   0 255
 255 255 255 255 255 255 255 255 255 255 255 255 255 252  11 125 255 255
 255 255 255 255 255 255 255 255 255 255 255 255 255 130   0   0   0   0
   0   0   0   0   0   0   0   0   0   0   0   0   0   0   0   0   0]
[  0   0   0   0   0   0   0   0   0   0   0   0   0   0   0   0   0 255
 255 255 255 255 255 255 255 255 255 255 255 255 255 255  60  94 255 255
 255 255 255 255 255 255 255 255 255 255 255 255 255 231   7   0   0   0
   0   0   0   0   0   0   0   0   0   0   0   0   0   0   0   0   0]
[  0   0   0   0   0   0   0   0   0   0   0   0   0   0   0   0   0 255
 255 255 255 255 255 255 255 255 255 255 255 255 255 255 111  57 255 255
 255 255 255 255 255 255 255 255 255 255 255 255 255 255 104   0   0   0
   0   0   0   0   0   0   0   0   0   0   0   0   0   0   0   0   0]
[  0   0   0   0   0   0   0   0   0   0   0   0   0   0   0   0   0 255
 255 255 255 255 255 255 255 255 255 255 255 255 255 255 159  14 255 255
 255 255 255 255 255 255 255 255 255 255 255 255 255 255 223   5   0   0
   0   0   0   0   0   0   0   0   0   0   0   0   0   0   0   0   0]
[  0   0   0   0   0   0   0   0   0   0   0   0   0   0   0   0   0 255
 255 255 255 255 255 255 255 255 255 255 255 255 255 255 206   0 226 255
 255 255 255 255 255 255 255 255 255 255 255 255 255 255 255 108   0   0
   0   0   0   0   0   0   0   0   0   0   0   0   0   0   0   0   0]
[  0   0   0   0   0   0   0   0   0   0   0   0   0   0   0   0   0 255
 255 255 255 255 255 255 255 255 255 255 255 255 255 255 247   3 177 255
 255 255 255 255 255 255 255 255 255 255 255 255 255 255 255 234  14   0
   0   0   0   0   0   0   0   0   0   0   0   0   0   0   0   0   0]
[  0   0   0   0   0   0   0   0   0   0   0   0   0   0   0   0   0 255
 255 255 255 255 255 255 255 255 255 255 255 255 255 255 255  38 119 255
 255 255 255 255 255 255 255 255 255 255 255 255 255 255 255 255 142   0
   0   0   0   0   0   0   0   0   0   0   0   0   0   0   0   0   0]
[  0   0   0   0   0   0   0   0   0   0   0   0   0   0   0   0   0 255
 255 255 255 255 255 255 255 255 255 255 255 255 255 255 255  80  61 255
 255 255 255 255 255 255 255 255 255 255 255 255 255 255 255 255 252  48
   0   0   0   0   0   0   0   0   0   0   0   0   0   0   0   0   0]
[  0   0   0   0   0   0   0   0   0   0   0   0   0   0   0   0   0 255
 255 255 255 255 255 255 255 255 255 255 255 255 255 255 255 121   8 246
 255 255 255 255 255 255 255 255 255 255 255 255 255 255 255 255 255 202
   3   0   0   0   0   0   0   0   0   0   0   0   0   0   0   0   0]
[  0   0   0   0   0   0   0   0   0   0   0   0   0   0   0   0   0 255
 255 255 255 255 255 255 255 255 255 255 255 255 255 255 255 161   0 182
 255 255 255 255 255 255 255 255 255 255 255 255 255 255 255 255 255 255
 123   0   0   0   0   0   0   0   0   0   0   0   0   0   0   0   0]
[  0   0   0   0   0   0   0   0   0   0   0   0   0   0   0   0   0 128
 255 255 255 255 255 255 255 255 255 255 255 255 255 255 255 199   0 108
 255 255 255 255 255 255 255 255 255 255 255 255 255 255 255 255 255 255
 249  48   0   0   0   0   0   0   0   0   0   0   0   0   0   0   0]
[  0   0   0   0   0   0   0   0   0   0   0   0   0   0   0   0   0   0
 244 255 255 255 255 255 255 255 255 255 255 255 255 255 255 237   0  31
 255 255 255 255 255 255 255 255 255 255 255 255 255 255 255 255 255 255
 255 216  12   0   0   0   0   0   0   0   0   0   0   0   0   0   0]
[  0   0   0   0   0   0   0   0   0   0   0   0   0   0   0   0   0   0
 219 255 255 255 255 255 255 255 255 255 255 255 255 255 255 223   0   0
 198 255 255 255 255 255 255 255 255 255 255 255 255 255 255 255 255 255
 255 255 162   0   0   0   0   0   0   0   0   0   0   0   0   0   0]
[  0   0   0   0   0   0   0   0   0   0   0   0   0   0   0   0   0   0
 194 255 255 255 255 255 255 255 255 255 255 255 255 255 255 160   0   0
 108 255 255 255 255 255 255 255 255 255 255 255 255 255 255 255 255 255
 255 255 255 105   0   0   0   0   0   0   0   0   0   0   0   0   0]
[  0   0   0   0   0   0   0   0   0   0   0   0   0   0   0   0   0   0
 162 255 255 255 255 255 255 255 255 255 255 255 255 255 255  91   0   0
  19 248 255 255 255 255 255 255 255 255 255 255 255 255 255 255 255 255
 255 255 255 250  59   0   0   0   0   0   0   0   0   0   0   0   0]
[  0   0   0   0   0   0   0   0   0   0   0   0   0   0   0   0   0   0
 125 255 255 255 255 255 255 255 255 255 255 255 255 255 244  12   0   0
   0 161 255 255 255 255 255 255 255 255 255 255 255 255 255 255 255 255
 255 255 255 255 232  30   0   0   0   0   0   0   0   0   0   0   0]
[  0   0   0   0   0   0   0   0   0   0   0   0   0   0   0   0   0   0
  86 255 255 255 255 255 255 255 255 255 255 255 255 255 156   0   0   0
   0  54 255 255 255 255 255 255 255 255 255 255 255 255 255 255 255 255
 255 255 255 255 255 211  14   0   0   0   0   0   0   0   0   0   0]
[  0   0   0   0   0   0   0   0   0   0   0   0   0   0   0   0   0   0
  35 255 255 255 255 255 255 255 255 255 255 255 255 250  32   0   0   0
   0   0 152 255 255 255 255 255 255 255 255 255 255 255 255 255 255 255
 255 255 255 255 255 255 185   5   0   0   0   0   0   0   0   0   0]
[  0   0   0   0   0   0   0   0   0   0   0   0   0   0   0   0   0   0
   0 234 255 255 255 255 255 255 255 255 255 255 255 126   0   0   0   0
   0   0   5 195 255 255 255 255 255 255 255 255 255 255 255 255 255 255
 255 255 255 255 255 255 255 164   1   0   0   0   0   0   0   0   0]
[  0   0   0   0   0   0   0   0   0   0   0   0   0   0   0   0   0   0
   0 165 255 255 255 255 255 255 255 255 255 255 178   2   0   0   0   0
   0   0   0  22 226 255 255 255 255 255 255 255 255 255 255 255 255 255
 255 255 255 255 255 255 255 255 143   0   0   0   0   0   0   0   0]
[  0   0   0   0   0   0   0   0   0   0   0   0   0   0   0   0   0   0
   0  83 255 255 255 255 255 255 255 255 254 150   4   0   0   0   0   0
   0   0   0   0  50 246 255 255 255 255 255 255 255 255 255 255 255 255
 255 255 255 255 255 255 255 255 255 128   0   0   0   0   0   0   0]
[  0   0   0   0   0   0   0   0   0   0   0   0   0   0   0   0   0   0
   0   4 224 255 255 255 255 244 217 151  50   0   0   0   0   0   0   0
   0   0   0   0   0  89 255 255 255 255 255 255 255 255 255 255 255 255
 255 255 255 255 255 255 255 255 255 255 120   0   0   0   0   0   0]
[  0   0   0   0   0   0   0   0   0   0   0   0   0   0   0   0   0   0
   0   0  84 255 255 255 127   0   0   0   0   0   0   0   0   0   0   0
   0   0   0   0   0   0 137 255 255 255 255 255 255 255 255 255 255 255
 255 255 255 255 255 255 255 255 255 255 255 114   0   0   0   0   0]
[  0   0   0   0   0   0   0   0   0   0   0   0   0   0   0   0   0   0
   0   0   0 102 228 127   0   0   0   0   0   0   0   0   0   0   0   0
   0   0   0   0   0   0   2 182 255 255 255 255 255 255 255 255 255 255
 255 255 255 255 255 255 255 255 255 255 255 255 118   0   0   0   0]
[  0   0   0   0   0   0   0   0   0   0   0   0   0   0   0   0   0   0
   0   0   0   0   0   0   0   0   0   0   0   0   0   0   0   0   0   0
   0   0   0   0   0   0   0  15 217 255 255 255 255 255 255 255 255 255
 255 255 255 255 255 255 255 255 255 255 255 255 255 125   0   0   0]
[  0   0   0   0   0   0   0   0   0   0   0   0   0   0   0   0   0   0
   0   0   0   0   0   0   0   0   0   0   0   0   0   0   0   0   0   0
   0   0   0   0   0   0   0   0  39 240 255 255 255 255 255 255 255 255
 255 255 255 255 255 255 255 255 255 255 255 255 255 255  34   0   0]
[  0   0   0   0   0   0   0   0   0   0   0   0   0   0   0   0   0   0
   0   0   0   0   0   0   0   0   0   0   0   0   0   0   0   0   0   0
   0   0   0   0   0   0   0   0   0  75 253 255 255 255 255 255 255 255
 255 255 255 255 255 255 255 255 255 255 255 255 255 255 104   0   0]
[  0   0   0   0   0   0   0   0   0   0   0   0   0   0   0   0   0   0
   0   0   0   0   0   0   0   0   0   0   0   0   0   0   0   0   0   0
   0   0   0   0   0   0   0   0   0   0 121 255 255 255 255 255 255 255
 255 255 255 255 255 255 255 255 255 255 255 255 255 255 174   0   0]
[  0   0   0   0   0   0   0   0   0   0   0   0   0   0   0   0   0   0
   0   0   0   0   0   0   0   0   0   0   0   0   0   0   0   0   0   0
   0   0   0   0   0   0   0   0   0   0   0 167 255 255 255 255 255 255
 255 255 255 255 255 255 255 255 255 255 255 255 255 255 240   3   0]
[  0   0   0   0   0   0   0   0   0   0   0   0   0   0   0   0   0   0
   0   0   0   0   0   0   0   0   0   0   0   0   0   0   0   0   0   0
   0   0   0   0   0   0   0   0   0   0   0  10 206 255 255 255 255 255
 255 255 255 255 255 255 255 255 255 255 255 255 255 255 255  58   0]
[  0   0   0   0   0   0   0   0   0   0   0   0   0   0   0   0   0   0
   0   0   0   0   0   0   0   0   0   0   0   0   0   0   0   0   0   0
   0   0   0   0   0   0   0   0   0   0   0   0  30 234 255 255 255 255
 255 255 255 255 255 255 255 255 255 255 255 255 255 255 255 127   0]
[  0   0   0   0   0   0   0   0   0   0   0   0   0   0   0   0   0   0
   0   0   0   0   0   0   0   0   0   0   0   0   0   0   0   0   0   0
   0   0   0   0   0   0   0   0   0   0   0   0   0  61 250 255 255 255
 255 255 255 255 255 255 255 255 255 255 255 255 255 255 255 197   0]
[  0   0   0   0   0   0   0   0   0   0   0   0   0   0   0   0   0   0
   0   0   0   0   0   0   0   0   0   0   0   0   0   0   0   0   0   0
   0   0   0   0   0   0   0   0   0   0   0   0   0   0 104 255 255 255
 255 255 255 255 255 255 255 255 255 255 255 255 255 255 255 251  11]
[  0   0   0   0   0   0   0   0   0   0   0   0   0   0   0   0   0   0
   0   0   0   0   0   0   0   0   0   0   0   0   0   0   0   0   0   0
   0   0   0   0   0   0   0   0   0   0   0   0   0   0   0 115 254 255
 255 255 255 255 255 255 255 255 255 255 255 255 255 255 255 255  61]
[  0   0   0   0   0   0   0   0   0   0   0   0   0   0   0   0   0   0
   0   0   0   0   0   0   0   0   0   0   0   0   0   0   0   0   0   0
   0   0   0   0   0   0   0   0   0   0   0   0   0   0   0   0  91 250
 255 255 255 255 255 255 255 255 255 255 255 255 255 255 255 255 113]
[  0   0   0   0   0   0   0   0   0   0   0   0   0   0   0   0   0   0
   0   0   0   0   0   0   0   0   0   0   0   0   0   0   0   0   0   0
   0   0   0   0   0   0   0   0   0   0   0   0   0   0   0   0   0  70
 243 255 255 255 255 255 255 255 255 255 255 255 255 255 255 255 166]
[  0   0   0   0   0   0   0   0   0   0   0   0   0   0   0   0   0   0
   0   0   0   0   0   0   0   0   0   0   0   0   0   0   0   0   0   0
   0   0   0   0   0   0   0   0   0   0   0   0   0   0   0   0   0   0
  51 233 255 255 255 255 255 255 255 255 255 255 255 255 255 255 191]
[  0   0   0   0   0   0   0   0   0   0   0   0   0   0   0   0   0   0
   0   0   0   0   0   0   0   0   0   0   0   0   0   0   0   0   0   0
   0   0   0   0   0   0   0   0   0   0   0   0   0   0   0   0   0   0
   0  36 220 255 255 255 255 255 255 255 255 255 255 255 255 255 158]
[  0   0   0   0   0   0   0   0   0   0   0   0   0   0   0   0   0   0
   0   0   0   0   0   0   0   0   0   0   0   0   0   0   0   0   0   0
   0   0   0   0   0   0   0   0   0   0   0   0   0   0   0   0   0   0
   0   0  22 205 255 255 255 255 255 255 255 253 245 225 188 123  13]
[  0   0   0   0   0   0   0   0   0   0   0   0   0   0   0   0   0   0
   0   0   0   0   0   0   0   0   0   0   0   0   0   0   0   0   0   0
   0   0   0   0   0   0   0   0   0   0   0   0   0   0   0   0   0   0
   0   0   0  12 186 255 255 255 255 255 243   0   0   0   0   0   0]
[  0   0   0   0   0   0   0   0   0   0   0   0   0   0   0   0   0   0
   0   0   0   0   0   0   0   0   0   0   0   0   0   0   0   0   0   0
   0   0   0   0   0   0   0   0   0   0   0   0   0   0   0   0   0   0
   0   0   0   0   5 165 255 255 255 255 200   0   0   0   0   0   0]
[  0   0   0   0   0   0   0   0   0   0   0   0   0   0   0   0   0   0
   0   0   0   0   0   0   0   0   0   0   0   0   0   0   0   0   0   0
   0   0   0   0   0   0   0   0   0   0   0   0   0   0   0   0   0   0
   0   0   0   0   0   1 141 255 255 227  64   0   0   0   0   0   0]
[0 0 0 0 0 0 0 0 0 0 0 0 0 0 0 0 0 0 0 0 0 0 0 0 0 0 0 0 0 0 0 0 0 0 0 0 0
 0 0 0 0 0 0 0 0 0 0 0 0 0 0 0 0 0 0 0 0 0 0 0 0 0 0 0 0 0 0 0 0 0 0]
[0 0 0 0 0 0 0 0 0 0 0 0 0 0 0 0 0 0 0 0 0 0 0 0 0 0 0 0 0 0 0 0 0 0 0 0 0
 0 0 0 0 0 0 0 0 0 0 0 0 0 0 0 0 0 0 0 0 0 0 0 0 0 0 0 0 0 0 0 0 0 0]
[0 0 0 0 0 0 0 0 0 0 0 0 0 0 0 0 0 0 0 0 0 0 0 0 0 0 0 0 0 0 0 0 0 0 0 0 0
 0 0 0 0 0 0 0 0 0 0 0 0 0 0 0 0 0 0 0 0 0 0 0 0 0 0 0 0 0 0 0 0 0 0]
[0 0 0 0 0 0 0 0 0 0 0 0 0 0 0 0 0 0 0 0 0 0 0 0 0 0 0 0 0 0 0 0 0 0 0 0 0
 0 0 0 0 0 0 0 0 0 0 0 0 0 0 0 0 0 0 0 0 0 0 0 0 0 0 0 0 0 0 0 0 0 0]
[0 0 0 0 0 0 0 0 0 0 0 0 0 0 0 0 0 0 0 0 0 0 0 0 0 0 0 0 0 0 0 0 0 0 0 0 0
 0 0 0 0 0 0 0 0 0 0 0 0 0 0 0 0 0 0 0 0 0 0 0 0 0 0 0 0 0 0 0 0 0 0]
[0 0 0 0 0 0 0 0 0 0 0 0 0 0 0 0 0 0 0 0 0 0 0 0 0 0 0 0 0 0 0 0 0 0 0 0 0
 0 0 0 0 0 0 0 0 0 0 0 0 0 0 0 0 0 0 0 0 0 0 0 0 0 0 0 0 0 0 0 0 0 0]
[0 0 0 0 0 0 0 0 0 0 0 0 0 0 0 0 0 0 0 0 0 0 0 0 0 0 0 0 0 0 0 0 0 0 0 0 0
 0 0 0 0 0 0 0 0 0 0 0 0 0 0 0 0 0 0 0 0 0 0 0 0 0 0 0 0 0 0 0 0 0 0]
[0 0 0 0 0 0 0 0 0 0 0 0 0 0 0 0 0 0 0 0 0 0 0 0 0 0 0 0 0 0 0 0 0 0 0 0 0
 0 0 0 0 0 0 0 0 0 0 0 0 0 0 0 0 0 0 0 0 0 0 0 0 0 0 0 0 0 0 0 0 0 0]
[0 0 0 0 0 0 0 0 0 0 0 0 0 0 0 0 0 0 0 0 0 0 0 0 0 0 0 0 0 0 0 0 0 0 0 0 0
 0 0 0 0 0 0 0 0 0 0 0 0 0 0 0 0 0 0 0 0 0 0 0 0 0 0 0 0 0 0 0 0 0 0]
